	TOTAL MEMORY : 8030464
 
[32m	PID	 TIME	          MEMORY
[00m	1	 0.000000 	  185812 kB

	314	 0.000001 	   35488 kB

	367	 0.000000 	   45000 kB

	530	 0.000001 	 4947892 kB

	612	 0.000001 	 4806776 kB

	874	 0.000000 	  102380 kB

	1092	 0.000000 	  256388 kB

	1094	 0.000000 	   44908 kB

	1097	 0.000001 	  276204 kB

	1100	 0.000000 	  413476 kB

	1102	 0.000001 	   31952 kB

	1107	 0.000001 	   28636 kB

	1124	 0.000001 	   44780 kB

	1126	 0.000000 	   29872 kB

	1128	 0.000001 	  166448 kB

	1135	 0.000000 	    4392 kB

	1138	 0.000001 	  944828 kB

	1144	 0.000000 	   44344 kB

	1183	 0.000000 	  597896 kB

	1189	 0.000001 	   29024 kB

	1267	 0.000001 	   19568 kB

	1286	 0.000001 	  282580 kB

	1296	 0.000000 	  350404 kB

	1303	 0.000001 	  174636 kB

	1305	 0.000001 	  805364 kB

	1402	 0.000001 	  591692 kB

	1494	 0.000000 	   44144 kB

	1599	 0.000001 	  248900 kB

	1665	 0.000000 	  183540 kB

	1686	 0.000001 	  347808 kB

	1701	 0.000000 	  302604 kB

	1725	 0.000001 	 9133612 kB

	1746	 0.000001 	 4769416 kB

	1819	 0.000001 	  447688 kB

	1826	 0.000000 	   15952 kB

	2130	 0.000001 	   23088 kB

	2192	 0.000000 	   49976 kB

	2193	 0.000000 	   49948 kB

	2251	 0.000001 	    9688 kB

	2285	 0.000000 	    4500 kB

	2286	 0.000001 	    1148 kB

	2474	 0.000001 	   93288 kB

	2475	 0.000000 	  274812 kB

	2480	 0.000001 	   81240 kB

	2733	 0.000001 	   45316 kB

	2735	 0.000000 	  164148 kB

	2740	 0.000001 	  205668 kB

	2742	 0.000001 	   46672 kB

	2863	 0.000000 	   32944 kB

	2874	 0.000001 	   44048 kB

	2886	 0.000000 	   86360 kB

	2919	 0.000001 	   32848 kB

	2925	 0.000001 	   32848 kB

	2929	 0.000000 	  529920 kB

	2934	 0.000001 	   41340 kB

	2936	 0.000000 	  349404 kB

	2944	 0.000001 	  274756 kB

	2953	 0.000000 	  406860 kB

	2957	 0.000001 	  264568 kB

	2958	 0.000000 	  484204 kB

	2968	 0.000000 	  432604 kB

	2977	 0.000000 	  188824 kB

	2980	 0.000001 	   16128 kB

	2989	 0.000001 	  166824 kB

	2997	 0.000001 	   52940 kB

	3107	 0.000001 	  660304 kB

	3109	 0.000000 	  944204 kB

	3113	 0.000001 	  338016 kB

	3115	 0.000000 	  644828 kB

	3125	 0.000000 	   42892 kB

	3134	 0.000001 	  649392 kB

	3139	 0.000000 	  206860 kB

	3161	 0.000000 	  178792 kB

	3168	 0.000001 	 1545840 kB

	3182	 0.000000 	  354744 kB

	3187	 0.000001 	  407436 kB

	3190	 0.000000 	  570436 kB

	3197	 0.000001 	 1234184 kB

	3198	 0.000000 	  793604 kB

	3199	 0.000000 	  664036 kB

	3200	 0.000001 	  552328 kB

	3201	 0.000000 	  625520 kB

	3213	 0.000001 	  407524 kB

	3224	 0.000000 	 1247572 kB

	3264	 0.000000 	  583812 kB

	3270	 0.000000 	   22364 kB

	3288	 0.000001 	  867468 kB

	3295	 0.000000 	  881684 kB

	3306	 0.000001 	  690996 kB

	3308	 0.000000 	  866064 kB

	3318	 0.000000 	  905776 kB

	3343	 0.000000 	  285836 kB

	3346	 0.000000 	  366884 kB

	3355	 0.000000 	  257736 kB

	3360	 0.000000 	  259700 kB

	3365	 0.000001 	  403820 kB

	3371	 0.000001 	  271900 kB

	3380	 0.000000 	 1437160 kB

	3382	 0.000001 	  351436 kB

	3407	 0.000000 	  948080 kB

	3408	 0.000000 	  581800 kB

	3411	 0.000000 	  434296 kB

	3414	 0.000001 	 1359748 kB

	3422	 0.000001 	  556984 kB

	3458	 0.000000 	  505304 kB

	3480	 0.000001 	  187552 kB

	3570	 0.000001 	  494248 kB

	3764	 0.000000 	  557344 kB

	3771	 0.000000 	    4500 kB

	3775	 0.000001 	  410384 kB

	3782	 0.000001 	  328204 kB

	3810	 0.000001 	 1696008 kB

	3817	 0.000000 	    7460 kB

	3818	 0.000000 	    7460 kB

	3821	 0.000001 	  463888 kB

	3822	 0.000000 	  463888 kB

	3824	 0.000001 	   26496 kB

	3828	 0.000000 	  463888 kB

	3850	 0.000000 	  771488 kB

	3852	 0.000000 	  577636 kB

	3865	 0.000001 	  528756 kB

	3870	 0.000001 	  530992 kB

	3886	 0.000001 	 4824200 kB

	3888	 0.000001 	 5749092 kB

	3946	 0.000002 	 4800404 kB

	4017	 0.000002 	17682032 kB

	4111	 0.000002 	 9060820 kB

	4143	 0.000001 	 5190636 kB

	4144	 0.000001 	 5029096 kB

	4152	 0.000002 	 9256452 kB

	4208	 0.000002 	  646304 kB

	4386	 0.000002 	  529112 kB

	5091	 0.000001 	 4814748 kB

	5172	 0.000002 	  435808 kB

	7100	 0.000002 	 4839832 kB

	7338	 0.000001 	  427040 kB

	7346	 0.000002 	  738484 kB

	7359	 0.000002 	  361920 kB

	7599	 0.000001 	 4814972 kB

	7627	 0.000001 	 4827544 kB

	21462	 0.000002 	  672720 kB

	21799	 0.000002 	   22920 kB

	23136	 0.000003 	 4909948 kB

	23540	 0.000002 	 4891780 kB

	23573	 0.000002 	 4832948 kB

	23904	 0.000002 	 4834348 kB

	23924	 0.000001 	 4840012 kB

	23938	 0.000001 	 4867548 kB

	23989	 0.000001 	 4853580 kB

	24023	 0.000002 	 4804720 kB

	24046	 0.000001 	 4805744 kB

	27243	 0.000002 	 4817396 kB

	27346	 0.000002 	  645320 kB

	27359	 0.000002 	  650572 kB

	27361	 0.000002 	  680220 kB

	27423	 0.000001 	   61532 kB

	28394	 0.000001 	 9136676 kB

	31361	 0.000002 	 1458232 kB

	31365	 0.000001 	  312788 kB

	31388	 0.000002 	  549972 kB

	31395	 0.000001 	 1154728 kB

	32323	 0.000001 	 4880824 kB

